[[-0.61409353  0.15121997 -0.23923648  0.24848087 -0.65350901 -0.99652642
  -0.44065012  0.42127849  0.41429048]
 [ 1.16874928  0.13708202 -0.38750937 -0.88160976 -0.11612987  0.63057459
   1.35505542  1.68976915  0.84962   ]
 [ 1.47749473  0.79232083  1.67342071  0.68204817  0.0249683   0.4880595
   0.20518033 -0.00579464  0.26549327]
 [ 1.35385806  0.82900195  1.37070673  0.88686895  1.39031009  0.52307365
   0.17814107  0.74526559  0.55288869]
 [ 1.18705825  0.64288294  1.81046087  2.33562839  2.4652102   1.46837505
   0.82160017  0.87338002  0.78810213]
 [ 0.92244373  1.10803809 -0.34456953  1.03564619  0.45864366  0.95342027
  -0.11567262  0.2061277   0.81331344]
 [-0.76412371 -0.19718741 -0.86579011 -0.93971808 -1.07970276 -1.14320758
  -1.27382013 -2.01648874 -2.05822626]
 [ 0.10233685  1.25193165  0.069279    1.05440138  1.06519746  1.02235287
   0.40145054  0.98161707  1.08542915]
 [-1.11699162 -0.39820676  0.50187221  1.30638771  1.28919606  1.75280101
   1.71796125  1.08831059  1.03531407]
 [-0.80262137 -0.45252125  0.70410116 -0.52261106 -0.2566091   0.92940713
   0.36927028  0.64684066  1.37820729]
 [-0.28984836 -0.4706877  -1.89295306 -0.52404251  0.26528377  0.32857212
   0.44202643  0.69302134  1.11507475]
 [ 0.49317246  1.25936589  1.74945447  2.41140092  2.34244505  0.7607276
   0.53734687 -0.27830956 -0.32913338]
 [-1.48810883 -0.09716535 -0.19367002 -0.49963974 -0.0877163  -0.67486002
  -1.00414439 -0.91677838 -1.60761459]
 [-0.20002943 -0.62337085 -0.23175987 -1.12893807 -0.56070063  0.08647799
  -0.33492648 -0.6692959  -0.26164692]
 [-1.61649885 -0.28579397 -1.17588756 -0.76976195  0.42019021 -0.46424676
  -0.49905753 -0.05508865  0.32464894]
 [-1.56185628 -0.45954421 -0.17674118 -0.06862674  0.73824521  1.10226731
   0.6166114   1.45676792  0.38757993]
 [ 1.10923363 -1.22427424 -0.19691332 -0.99984826 -1.48903509 -1.49287693
  -1.13257493 -1.66170562 -1.45238526]
 [ 1.01908977 -0.69788628 -2.11016643 -0.9188914  -1.26351785 -1.97739328
  -1.3615117  -1.60997741 -1.46148003]
 [ 0.86761368 -1.04705147 -0.22254669 -0.95245138 -1.28590469 -0.48404107
  -1.38310371 -1.65144852 -1.5711188 ]
 [ 0.27460835 -0.96114234 -0.43183776 -0.43225193 -1.13118033 -1.78901263
  -1.24554398 -0.84041794 -1.30504245]
 [-0.30021777 -0.62453986 -1.12447487 -0.75272234  0.14805098 -0.82208465
  -0.45104847 -1.00063089 -0.65187338]
 [-0.51305477 -2.28080036 -1.11627933 -1.96449759 -1.47057298 -1.38901729
  -1.17582069 -1.21004927 -1.43613016]
 [ 0.62991862  0.95814499  1.03856513  0.98477615 -0.48635683 -0.13709227
   0.20285365  0.70006698  0.68444962]
 [ 0.57673476  0.92868061  0.04981525  0.07331373  0.31510047  0.38187078
   0.52257624  0.94068585  1.7729223 ]
 [-1.5531063  -0.03563865  0.25441809  0.86866812  1.33499674 -0.40923175
   0.5585899   0.25030595 -0.13045532]
 [-0.7441471   0.69934112  1.1273084   0.56658383  0.24253059  0.14089386
  -0.51941745 -0.23822073 -1.00266073]
 [-0.56598174  0.74638045  1.28071834 -0.38290916 -0.36184162  0.4278903
   0.73928924  0.2315753  -0.48915542]
 [-1.5551552   0.36983356  0.20593416  0.44979654 -0.07552721 -0.55913023
  -0.1102684  -0.4484497  -0.28027866]
 [ 0.48899106  0.53214748  0.18472344  0.09567188 -0.73528368  0.02275795
  -0.81784241 -0.01392323  0.00677778]
 [-1.37915018 -0.30159489 -0.81962269 -1.43815879 -0.70562092 -1.41133985
  -1.24863977 -1.64688344 -1.25461585]
 [ 0.78657095  1.50324554  1.32950914  1.00913076  1.40521521  1.42824721
   0.94332853  0.98474777  1.38100827]
 [-0.09646582 -1.61814534  0.3506716  -0.96234318 -1.05368005 -0.2550527
   0.20634075  0.48194874  0.13450758]
 [ 1.12549455  0.07312073 -0.06009904  0.31542122 -0.28354095  0.34915419
  -0.11942879  0.27198329  0.84687642]
 [ 0.66673613  1.34538888  0.06039812  1.00320474  1.09661745  0.71129643
   0.65505982  0.70895365  0.42274255]
 [-1.25423066  0.05926264  0.22364968  0.48427706  1.30035631  1.51400513
   1.5442969   0.60041298  1.06115479]
 [ 1.11109767  1.58931578  2.25312265  1.77955201  2.04041873  2.33381659
   1.70208155  2.30638232  2.31340021]
 [ 0.65776135  0.10070204 -0.2503312  -0.23416565 -0.12628511 -0.45293356
  -0.07632888  0.16766875 -0.36564702]
 [-0.86533422  0.07530744 -1.0222806  -0.38735934 -1.33903232 -0.32428297
  -1.05490294 -0.68806649 -0.53806858]
 [ 0.17280626  0.30978863  0.41847754  1.05610952 -0.13049787 -0.41937795
  -0.01844596 -0.50095124 -1.02109242]
 [ 1.11321417 -0.0109808  -2.69132382 -1.89780419 -0.80348983 -1.46221162
  -2.39165797 -1.81364798 -1.55632937]
 [ 1.32903136  0.23664817  0.6795516   0.5468582  -1.17207887 -0.85445411
  -0.63158171 -0.14628879  0.54699983]
 [ 1.15447132  1.18054489  1.43671731  0.20671253  0.37938191  0.24611504
   0.09078413 -0.15517194  0.36971469]
 [ 1.24459024  1.07905486  1.32938291  0.11349422  0.57214562  1.02066165
   1.32421649  0.84460452 -0.15823404]
 [-0.79578876 -0.37929303  0.56495317  0.60668546 -0.14167305  0.27508577
  -0.57940197 -0.32865043 -0.32544181]
 [ 2.02726613  0.85322542 -0.90480638 -0.72706493 -0.66532649 -0.59482787
  -0.40628095 -0.41764201 -0.91920309]
 [-1.42718841 -1.29276743 -1.26734319 -0.51162653 -0.00772034 -0.20520039
   0.19066425 -0.64596316 -0.39001676]
 [-1.60221004  0.45808312 -0.16291639  0.65694744  0.48586973  0.90292082
   1.20548161  1.1676312   0.6534657 ]
 [-0.12458183 -2.56898018 -0.77612735 -0.92994401 -0.50338308 -0.77068968
  -0.2372376  -0.22969476  0.10576625]
 [-0.07877256 -2.5672844  -0.59580073 -0.54523857 -1.38242696 -0.91641301
  -0.42339343 -0.40721277 -0.27292543]
 [-1.54171445 -2.36319308 -0.95788872 -1.35335372 -0.4299603  -0.33707211
   0.20832542 -0.10249972  0.23932762]
 [ 0.56074802  0.59165675 -0.90769905 -1.49239998 -1.51094091 -1.78690415
  -1.90115682 -2.01872699 -1.22723714]
 [-0.86132994 -0.02413002  0.36789454  1.57250202  1.06080482  1.62114852
   2.96014657  2.01300057  1.33357796]
 [-0.7254869  -0.04750557  0.54785102 -0.0336016   1.2731031   0.65562775
   1.35361715  1.21184051  1.61023644]
 [ 0.41647134  0.63223279  0.16161789  1.19148086  0.4441893   1.24129754
   1.14444674  0.83534175  0.98878452]
 [ 0.2603933   1.05018263 -0.14027244 -0.4334784   0.02035374  0.06987891
  -0.70658067 -0.15354504 -0.39689505]
 [ 0.14013258 -0.51444637 -0.47772794 -0.85699001 -1.26957971 -1.2592967
  -0.5363022  -0.64800471 -1.01876674]]
