[[ 1.37620377e-01 -8.90825490e-01 -4.00331463e-01 -6.99291922e-01
  -5.03374304e-01 -1.74316955e-01 -1.13462499e+00 -9.76997085e-01
  -7.08968158e-01]
 [-7.67054488e-01 -8.29803850e-01 -1.94778102e-01  2.28433946e-01
  -1.38598145e-01 -8.74279287e-01 -7.33210600e-01 -7.93122018e-01
  -5.33888215e-01]
 [-4.81832645e-01 -3.30701554e-01  1.16739348e-01  2.09058341e-01
   4.92344337e-01 -6.67073197e-02  2.78216281e-01  5.25213353e-01
   6.82010951e-01]
 [-8.67958869e-01 -2.18058923e-01 -4.22616965e-02  1.39422881e-01
  -1.52862607e-01  1.39800817e-01  5.58264591e-01 -2.50898335e-01
   1.75987910e-01]
 [-4.87654955e-01  5.68819425e-02 -3.60113277e-03  5.72047155e-01
  -3.12711365e-01 -6.23347301e-02  3.32746565e-01  5.81779019e-01
   3.88261900e-01]
 [-4.08403756e-01  4.79868949e-02  6.75737797e-01 -7.33943016e-01
  -4.69059045e-01 -2.89090665e-01  3.30451029e-02 -3.21438488e-02
   1.24526240e-01]
 [ 3.16715232e-01 -7.84462747e-01 -3.51336446e-01 -1.28263231e-01
  -7.77554003e-03  4.26024893e-01  4.71118343e-01  4.88969306e-01
   6.79724424e-01]
 [ 4.33065253e-01 -2.46777804e-01  2.29283500e-01 -8.34019540e-01
  -4.99562933e-01 -5.56435842e-01 -2.38313204e-01 -1.05584179e+00
  -6.12183176e-01]
 [ 8.73693411e-01  6.83484941e-01 -3.16772702e-01 -1.66499611e-01
  -5.19354353e-01 -2.47379220e-01 -6.33599501e-01 -3.66254251e-01
   3.99641833e-02]
 [ 1.05901244e+00  8.04487671e-01 -2.34900399e-01  5.61586986e-02
   3.56164927e-01 -3.21354284e-01  3.44132264e-01 -1.88932276e-01
   5.03485612e-02]
 [ 1.08241285e+00  1.13735095e+00  1.64721623e+00  7.12976204e-01
   1.11949766e-01  5.54144351e-02  4.18689390e-01  2.11142667e-01
   3.87575503e-02]
 [-8.24559226e-01 -1.35495736e+00 -1.53294116e+00 -1.80312118e+00
  -1.63331550e+00 -1.48232784e+00 -1.04708856e+00 -6.60918252e-01
  -3.95162933e-01]
 [ 4.04378849e-01 -1.16349888e+00 -1.21307684e+00 -1.14158296e+00
  -1.46257800e+00 -1.60051608e+00 -1.48483817e+00 -1.11767795e+00
  -1.23045169e+00]
 [ 4.81138247e-01  5.40819671e-01 -8.74369059e-02  1.97222204e-01
  -1.08399157e+00 -8.32209698e-01 -3.39458319e-01 -1.17975462e-01
  -5.04587449e-01]
 [ 1.09167379e+00  1.11071106e+00  6.90723653e-01  9.52810665e-01
   7.64484634e-01  1.03034844e+00  2.14936874e-01  4.02201715e-01
   1.22009641e-01]
 [ 9.35744633e-01  8.04976177e-01  6.01309026e-01  1.01531893e+00
   8.85710535e-01  8.08377480e-01  1.42798325e+00  4.46617875e-01
   6.85048920e-01]
 [ 7.62101680e-01  1.40580496e+00  1.01154743e+00  1.47544788e+00
   1.78054640e+00  1.93529011e+00  1.22692979e+00  1.55141974e+00
   7.60663605e-01]
 [ 8.36229312e-01  1.47172394e+00  2.17324029e+00  1.52248927e+00
   1.83658055e+00  2.19399399e+00  1.52111885e+00  1.34101004e+00
   1.08833609e+00]
 [ 8.24747456e-01  1.45179480e+00  9.78042015e-01  1.42922985e+00
   1.73533988e+00  1.05637667e+00  1.61966879e+00  1.32580781e+00
   1.10647694e+00]
 [ 9.96099606e-01  1.49494795e+00  2.10160615e+00  1.62406788e+00
   1.88848076e+00  2.25299969e+00  7.59226738e-01  7.54374386e-01
   9.42575099e-01]
 [ 1.07441798e+00  1.48467025e+00  1.89027700e+00  1.79551284e+00
   1.02846320e+00  1.93861135e+00  8.93097990e-01  1.09311710e+00
   1.29123897e+00]
 [ 2.86922548e-01  5.02297623e-01 -1.02629713e+00 -1.12636174e+00
  -1.29885501e+00 -1.18217292e+00 -8.98275045e-01 -1.08691693e+00
  -1.48982747e+00]
 [-1.09749863e+00 -1.11558739e+00 -1.03228585e+00 -1.04608226e+00
  -8.04248252e-01 -5.97724323e-01 -9.50955087e-01 -9.21436904e-01
  -4.24610074e-01]
 [-1.45016962e+00 -1.29931602e+00 -8.42102816e-01 -9.86966024e-01
  -6.43857872e-01 -2.64687977e-01  1.15334711e-02 -6.59068902e-01
  -8.35226138e-01]
 [ 8.85812482e-01 -6.68619714e-01 -9.31892433e-01 -1.19665697e+00
  -9.92631639e-01 -7.48352594e-01 -7.49076902e-01 -1.48087200e-01
   1.05462672e-01]
 [ 4.20407921e-01 -5.59618788e-01 -5.89895401e-01 -4.55789033e-01
  -2.26482375e-01 -4.70214440e-01  3.39810137e-02 -3.67520903e-01
  -2.17082775e-01]
 [ 4.91274223e-01 -6.26994459e-01 -3.97767454e-01 -1.06883215e-01
   2.08962482e-01 -3.91658845e-01 -8.08761903e-01 -4.61943396e-01
  -2.55674979e-01]
 [ 9.00495588e-01  4.58368543e-01  2.72020166e-01  1.21262784e-01
   4.30357471e-01  7.27887863e-01  5.01303018e-01  7.03716302e-01
  -1.01358106e-01]
 [-1.71988524e+00 -1.91358956e+00 -1.01902424e+00 -1.18260627e+00
  -7.90050335e-01 -1.03487492e+00 -1.16506513e+00 -1.48475929e+00
  -1.16299923e+00]
 [ 1.09782511e-01 -4.86650842e-01 -4.17930755e-01 -1.08581573e-01
  -9.24692838e-01 -7.88275712e-01 -7.77319328e-01 -9.70832492e-01
  -1.19389644e+00]
 [ 2.44504836e-01 -1.81048971e-01  5.50844191e-01  6.18950064e-01
   2.01737356e-01  4.76807140e-01  9.67140365e-01  1.10165537e+00
   6.47362895e-01]
 [ 1.19936468e+00  1.81288402e+00  2.12271080e+00  2.58122580e+00
   2.72329133e+00  2.56146395e+00  2.44673341e+00  2.53815230e+00
   2.57130347e+00]
 [ 3.31434326e-01  9.86458036e-01  1.11672443e+00  5.03038731e-01
   8.66471094e-01 -1.11686772e-01  2.09891380e-01 -9.19465070e-03
   5.78759068e-02]
 [ 4.42032169e-01  2.85012913e-01  1.01610731e+00  1.03156011e+00
   1.34925961e+00  1.33396846e+00  8.08746766e-01  1.06485468e+00
   1.01739162e+00]
 [ 1.13989678e+00  9.62389428e-01  8.36627418e-01  2.32730882e-01
  -4.28693504e-01 -1.78187782e-01 -2.17692071e-01  6.79027174e-02
  -1.91429421e-01]
 [-1.81596461e+00 -1.67455603e+00 -1.74069226e+00 -1.32359790e+00
  -1.00249570e+00 -1.37300400e+00 -1.13640366e+00 -9.68508554e-01
  -9.12733492e-01]
 [-1.19475314e+00 -1.28780549e+00 -9.93544679e-01 -1.08728253e+00
  -7.81869857e-01 -4.42902196e-01 -7.69026579e-01 -4.72413039e-01
  -2.83032220e-01]
 [ 2.19537093e-01 -5.52282851e-01 -2.56579304e-02 -4.14172072e-01
   1.48805019e-03 -1.34573552e+00 -1.07581508e+00 -6.67723038e-01
  -5.97530037e-01]
 [-1.36712257e+00 -1.16782233e+00 -9.09237506e-01 -6.29111966e-01
  -4.51645119e-01 -2.55264904e-01 -1.57420248e-01  2.24235631e-01
   3.98624720e-01]
 [-1.19980450e+00 -5.09880659e-01 -3.81552829e-01 -1.48264763e+00
  -1.18429565e+00 -9.30610383e-01 -9.30725445e-01 -1.67877119e+00
  -2.10587930e+00]
 [-1.53411334e+00 -7.86489471e-01 -1.37263293e+00 -1.20717921e+00
  -9.45288625e-01 -5.56009322e-01 -8.65941264e-01 -7.57892953e-01
  -6.70405735e-01]
 [-1.63864913e+00 -9.62520025e-01 -1.42715315e+00 -1.24874549e+00
  -8.75217999e-01 -7.47816733e-01 -2.81553097e-01 -6.65937854e-02
   2.25046738e-01]
 [-1.43860273e+00 -6.81370150e-01 -3.03268032e-01  2.25526053e-02
  -8.52748035e-01 -7.30367658e-01 -4.31669252e-01 -1.41079664e-01
   8.53227998e-02]
 [ 1.64212441e-01 -1.14130037e-01 -7.97849688e-01 -4.91963389e-01
  -4.37955597e-01  1.25538802e-01  5.39350447e-01  6.93938014e-01
   8.10871591e-01]
 [-2.69598685e+00 -1.44076483e+00 -1.47680218e+00 -1.44302033e+00
  -1.67914967e+00 -1.72330690e+00 -1.74480864e+00 -2.40601171e+00
  -2.11300962e+00]
 [ 3.34070960e-01 -2.28207935e-02 -4.36927414e-01 -3.88685574e-01
  -8.87052329e-01 -7.29314191e-01 -8.82487516e-01 -7.77552344e-01
  -6.25874672e-01]
 [ 1.07374202e+00  5.84208750e-01  9.15832540e-01  5.15464438e-01
   9.59225705e-01  5.77460348e-01  7.38144332e-01  9.54059979e-01
   7.08610634e-01]
 [ 1.03997414e+00  1.66364407e+00 -3.92722524e-02  4.32020840e-01
  -3.15713342e-01 -1.95680542e-01  8.53856085e-02  4.74417825e-01
   4.39423775e-02]
 [ 1.04135177e+00  1.66363401e+00  4.97463041e-01  2.49346930e-03
   3.90761137e-01  3.81021322e-01 -2.20617665e-01  2.54473710e-01
   4.48147970e-01]
 [ 6.42458943e-01  7.98753687e-01 -1.31780012e+00 -7.64016676e-01
  -4.71268066e-01 -1.55832235e-01 -1.67050389e+00 -1.38007828e+00
  -1.39363691e+00]
 [-1.78475404e+00 -1.81565604e+00 -1.02379434e+00 -5.90537677e-01
  -6.18410212e-02 -5.07762476e-01 -1.04912388e+00 -1.15092932e+00
  -2.10697735e+00]
 [ 6.16058593e-01  5.35178531e-01  8.09037943e-01  1.19677525e+00
   1.59141903e+00  1.02160904e+00  1.13445328e+00  1.46973898e+00
   1.61616490e+00]
 [ 6.58422181e-01  5.65860025e-01  7.42046611e-01  1.15469861e+00
   9.67255906e-01  7.55128620e-01  2.09071387e+00  1.34419446e+00
   1.58401651e+00]
 [ 1.06515878e-01  3.24635094e-01  8.55434490e-01  9.41959717e-01
   1.09103816e+00  7.57307465e-01  1.20378434e+00  1.39871370e+00
   1.23197038e+00]
 [ 3.34865296e-01  5.01768323e-01  1.31960185e+00  1.79007918e+00
   1.32777101e+00  1.55449995e+00  2.30355822e+00  2.00771854e+00
   2.14094015e+00]
 [-1.21742016e+00 -4.54123213e-01 -2.89354981e-01 -2.87400261e-01
  -1.49867153e-01 -1.41535571e-01 -7.79519305e-01 -8.81349401e-01
  -1.20256074e+00]]
